car 908 675 1046 778
car 670 720 826 799
car 336 740 492 799
car 748 410 829 460
car 1141 534 1241 618
car 442 652 575 748
car 7 476 117 542
car 1051 379 1127 447
car 668 456 761 519
car 936 576 1053 687
car 923 390 994 439
car 991 467 1075 531
car 162 376 258 445
car 227 341 300 395
car 873 435 958 497
car 620 501 722 570
car 547 341 608 388
car 1127 472 1233 556
car 370 332 429 381
car 820 481 907 548
car 495 367 567 412
car 697 299 750 336
car 256 429 367 513
car 887 326 937 369
person 1118 240 1174 333
person 1087 252 1119 318
person 774 256 830 303
person 722 258 780 314
car 518 572 645 673
car 2 425 71 502
car 448 348 507 389
car 395 382 480 453
car 452 313 507 351
car 595 307 639 342
car 647 292 692 329
car 777 289 812 319
car 941 299 992 340
car 960 340 1020 400
car 990 324 1045 370
car 1037 301 1074 335
car 1101 315 1165 367
car 1084 345 1139 389
car 1070 291 1101 318
car 1016 291 1044 314
car 1196 305 1228 320
