car 746 436 826 492
car 907 339 959 375
car 803 338 864 379
car 607 352 656 388
car 432 372 485 425
truck 643 442 736 530
car 360 401 418 463
car 555 431 613 481
car 509 338 550 368
car 767 307 798 330
car 696 301 722 320
car 609 304 641 326
car 594 285 620 304
car 59 290 84 308
car 432 321 465 348
car 427 303 451 325
car 489 307 513 334
car 512 299 535 320
car 470 303 494 320
car 444 280 463 296
car 550 275 570 290
car 498 264 512 278
car 517 271 533 285
truck 552 305 590 340
truck 669 243 689 268
truck 395 261 413 282
bus 858 265 912 299
