car 143 337 193 377
car 68 284 105 315
car 225 356 286 404
car 352 363 411 403
car 323 330 369 365
car 267 272 303 297
car 130 258 162 285
car 195 264 228 289
car 70 261 110 292
car 251 254 285 279
car 225 237 254 256
car 495 262 537 288
car 356 227 387 253
car 110 226 138 251
car 442 224 477 250
car 295 303 340 337
car 140 300 181 341
car 162 229 188 248
car 175 246 207 270
car 308 211 330 229
car 426 210 453 231
truck 90 174 127 210
car 400 243 442 276
car 517 246 538 273
car 376 208 400 227
car 346 201 366 216
car 346 212 364 228
car 322 218 351 237
car 275 193 293 206
car 253 195 274 208
car 295 199 313 212
car 185 206 203 218
car 149 210 174 232
car 204 225 229 246
car 196 216 217 231
car 96 201 122 219
truck 241 176 263 202
truck 224 183 244 204
