car 0 1165 260 1347
car 784 1134 957 1285
car 1384 1157 1486 1226
car 2193 1080 2429 1531
car 2133 1198 2244 1321
car 1529 1141 1804 1376
car 699 1117 793 1191
car 778 1148 820 1209
car 1092 1052 1149 1100
car 1153 1029 1202 1067
car 1194 1004 1252 1045
car 1249 1028 1303 1081
car 1299 1004 1350 1048
car 1378 1010 1435 1058
car 1280 965 1334 1006
car 1412 954 1448 989
car 1369 956 1398 980
car 1341 963 1368 986
car 1472 968 1502 993
car 1447 957 1478 981
car 1565 985 1600 1011
car 1455 1110 1535 1157
car 1715 1054 1767 1090
car 1755 1086 1815 1115
car 1705 1103 1763 1142
car 1769 1113 1849 1189
car 1621 999 1665 1035
car 1729 1020 1791 1077
truck 34 1025 378 1309
truck 1583 1041 1702 1139
truck 1705 948 1769 1048
