car 334 437 715 727
car 843 398 964 498
car 660 410 861 589
car 1108 436 1260 555
car 0 461 240 783
car 857 314 922 362
car 1091 403 1199 487
car 562 398 671 457
car 238 423 433 584
car 1016 301 1076 342
car 1137 293 1183 333
car 80 391 192 445
car 133 323 225 396
car 334 321 403 374
car 320 375 408 407
car 592 300 644 343
car 658 292 708 318
car 675 267 717 295
car 726 274 775 308
truck 1136 207 1205 303
truck 411 228 495 369
truck 522 214 597 305
truck 603 208 681 277
truck 711 205 772 275
car 5 420 150 604
