car 71 1120 311 1325
car 871 1448 1212 1773
car 230 1547 640 1860
car 856 1107 1071 1303
car 295 911 460 1051
car 466 1125 702 1414
car 0 1242 109 1489
car 532 949 682 1087
car 1158 751 1265 838
car 814 928 979 1114
car 70 930 247 1120
car 429 1087 599 1260
car 0 1020 79 1215
car 583 869 713 989
car 4 904 93 1034
car 50 842 170 923
car 391 796 513 919
car 799 851 928 926
car 784 784 890 856
car 585 799 693 878
car 622 754 714 841
car 474 699 571 779
car 655 710 744 783
car 620 659 706 752
car 797 728 893 806
car 789 685 872 735
car 514 658 596 721
car 1058 656 1139 737
car 1002 579 1068 630
car 1178 630 1251 702
car 1010 521 1064 568
car 1088 447 1173 544
car 977 502 1031 549
car 939 480 990 516
car 785 634 854 673
car 572 560 639 614
car 806 602 868 652
car 544 599 609 644
car 531 630 603 674
car 665 624 728 664
car 681 601 746 645
car 682 548 741 586
car 14 712 119 803
car 9 770 100 842
person 134 772 176 869
