car 668 692 785 786
car 856 686 976 787
car 92 605 194 684
car 218 596 319 680
car 800 657 914 758
bus 957 542 1265 781
truck 672 415 736 493
bus 1113 600 1271 779
bus 895 515 1049 682
bus 4 515 73 645
truck 626 626 751 741
car 686 618 776 678
car 851 614 956 674
car 746 448 797 483
car 276 474 330 525
car 273 541 358 642
car 357 550 386 637
car 160 581 209 638
car 82 527 145 589
car 2 596 47 688
car 124 499 179 561
bus 430 431 484 496
person 240 501 266 557
person 649 491 673 542
car 823 623 863 669
