bus 507 647 671 823
bus 728 632 889 790
car 1129 602 1193 653
car 966 582 1026 630
car 685 645 735 700
car 662 620 707 656
car 454 609 515 647
car 549 620 598 650
car 1209 526 1259 559
car 1139 554 1190 579
car 1130 525 1174 552
car 1048 514 1081 544
car 907 512 949 548
car 857 519 899 555
car 895 544 942 580
car 835 470 868 504
bus 758 467 834 556
bus 55 694 296 821
bus 236 679 325 808
bicycle 433 683 451 713
bicycle 380 739 407 781
person 346 644 363 699
person 370 635 386 683
bicycle 400 665 418 696
person 402 648 416 681
person 385 716 403 760
person 435 666 453 695
