car 992 716 1077 772
car 746 767 836 839
car 1073 777 1207 852
car 613 753 683 803
car 366 748 443 819
car 265 670 317 718
car 300 821 404 853
car 1157 684 1241 729
car 225 771 328 851
car 487 703 552 764
car 801 653 852 692
car 105 737 227 846
car 354 684 408 727
car 343 653 378 695
car 434 673 483 718
car 521 654 561 686
car 496 636 527 663
car 386 644 417 674
car 417 610 437 631
car 439 646 481 663
car 188 720 246 762
car 617 708 665 748
car 617 686 652 704
car 607 657 652 691
car 669 630 708 663
car 738 649 772 680
car 928 650 967 677
car 506 604 537 638
bus 668 556 709 598
bus 151 606 341 668
