car 288 420 359 476
car 492 392 551 439
car 181 407 255 467
car 561 376 610 416
car 209 371 264 413
car 613 370 666 407
car 102 330 146 361
car 160 338 199 383
car 248 347 287 373
car 177 310 211 335
car 475 366 522 403
car 573 327 613 356
car 824 433 859 487
car 58 339 97 374
car 249 269 267 288
car 323 290 350 311
car 268 325 297 349
car 322 337 359 365
car 324 327 358 343
car 415 304 443 324
car 416 286 437 309
car 470 299 496 323
car 504 294 531 317
car 696 386 760 449
car 458 278 479 296
car 441 288 459 305
car 440 220 459 237
car 398 253 417 274
car 285 254 309 270
truck 276 286 311 319
truck 220 277 251 308
