car 0 370 77 414
car 65 400 215 449
car 342 509 434 569
car 2 522 119 570
car 222 502 315 570
car 78 347 118 381
car 140 525 253 570
car 135 346 177 382
car 220 441 284 503
bus 552 378 595 494
car 378 497 454 563
car 465 434 528 492
car 443 461 504 522
car 242 494 328 566
car 237 353 284 400
car 315 455 390 513
car 386 302 419 331
car 496 517 581 570
car 194 343 239 382
car 417 476 481 542
motorcycle 447 396 481 430
person 137 356 148 391
bicycle 133 376 152 400
person 269 356 278 415
person 309 361 323 398
person 453 378 465 434
person 530 381 543 425
motorcycle 523 394 551 433
car 111 334 138 369
car 182 303 207 324
car 213 298 239 317
car 222 322 257 345
car 249 281 269 300
car 276 300 302 319
car 280 317 310 342
car 279 345 307 370
car 296 358 375 400
car 302 398 356 436
car 284 418 335 462
car 382 423 438 470
car 356 440 416 484
car 458 363 540 400
car 478 342 521 366
car 449 314 476 338
car 435 302 451 328
car 331 294 353 316
car 369 298 391 323
car 95 286 116 309
bus 114 257 144 298
car 317 325 357 358
