car 344 498 395 541
car 598 523 658 568
car 223 541 285 592
bus 153 442 246 540
bus 619 410 692 494
car 367 436 405 468
car 501 461 544 496
car 265 492 319 537
car 274 471 322 507
car 326 578 386 600
car 529 485 576 523
bus 734 530 823 600
car 500 514 554 557
car 315 426 350 456
car 503 468 576 543
car 575 464 610 499
car 561 451 598 481
car 530 437 558 465
car 555 429 582 447
car 385 415 414 439
car 329 414 354 436
car 344 406 365 430
car 349 400 371 422
car 362 391 377 415
car 395 401 423 428
car 465 389 485 407
car 534 411 556 431
bus 606 392 661 465
bus 502 378 528 406
car 486 429 519 455
car 483 417 511 436
car 480 404 506 421
car 525 399 546 419
