car 383 454 494 542
car 643 462 762 537
car 159 445 291 547
car 228 350 325 425
car 610 443 709 497
car 810 216 878 280
car 423 393 517 465
car 729 186 775 225
truck 401 195 518 373
truck 246 184 361 348
truck 303 127 381 270
truck 327 100 398 247
truck 423 128 482 210
truck 494 112 541 199
truck 445 85 482 154
truck 931 152 963 279
truck 891 127 928 264
truck 848 167 894 244
truck 760 139 815 219
truck 712 137 753 206
car 13 537 238 664
car 283 90 311 126
car 553 295 629 343
car 576 324 658 390
car 683 185 719 217
car 793 187 832 219
car 514 186 562 216
car 637 175 667 202
