car 25 242 91 287
car 454 333 539 391
car 496 197 545 232
car 153 179 192 206
car 395 181 436 214
car 153 297 221 352
car 338 148 370 171
car 0 192 39 219
car 210 167 245 192
car 186 211 234 250
car 95 227 146 265
car 568 178 606 206
car 582 204 618 239
car 444 172 482 202
car 310 239 380 292
car 69 184 109 210
car 245 205 291 233
car 65 165 103 193
car 39 118 62 137
car 66 173 105 200
car 136 143 167 169
car 0 148 34 172
truck 456 118 522 192
truck 523 125 565 184
truck 421 92 457 155
truck 390 127 430 169
truck 351 104 378 142
truck 383 105 404 133
truck 390 84 418 121
truck 137 102 174 148
truck 105 97 131 134
truck 179 70 206 105
truck 199 107 223 137
truck 211 70 235 115
truck 304 68 331 97
car 185 136 220 160
car 173 103 195 121
car 73 120 108 156
car 25 87 46 101
car 224 277 296 334
car 311 110 332 126
