car 230 269 270 292
car 344 243 386 276
car 318 230 349 256
car 15 199 40 215
car 271 224 299 247
car 346 200 369 219
car 294 194 317 217
car 376 233 409 258
car 104 272 153 291
car 73 259 119 291
car 204 159 222 174
car 354 188 377 205
car 319 164 335 180
car 394 188 417 210
car 159 213 184 240
car 74 241 108 268
car 166 248 202 275
car 231 209 254 230
car 195 188 215 208
car 178 178 196 194
car 243 172 264 188
car 276 171 292 183
car 221 150 238 161
car 49 189 66 203
car 61 195 79 207
car 98 184 114 196
car 298 146 311 158
car 428 143 438 153
car 382 146 393 156
car 355 141 366 153
car 144 209 163 230
car 140 200 159 216
car 402 160 419 175
car 406 175 425 191
car 244 128 257 140
car 259 129 270 140
car 278 130 290 143
car 271 152 282 165
