car 708 493 834 579
car 530 509 638 593
car 542 418 627 483
car 649 449 745 523
car 421 585 557 625
car 415 372 483 419
car 898 350 963 434
car 781 384 865 444
car 921 408 963 482
car 741 367 809 420
car 368 412 419 463
car 852 352 910 412
car 668 346 730 401
car 181 399 249 454
car 345 324 400 357
car 379 338 431 382
car 409 353 466 382
car 324 288 360 307
car 324 306 362 333
car 590 290 658 345
car 597 328 665 370
car 572 308 594 352
car 553 304 572 345
car 534 302 555 341
car 505 285 528 316
car 523 286 536 318
car 709 359 746 408
car 796 315 869 385
car 767 328 795 369
car 729 316 772 363
car 696 311 728 353
car 667 311 703 347
car 651 302 676 337
truck 230 355 406 593
truck 111 262 205 408
truck 232 257 324 370
truck 559 226 600 292
truck 612 221 626 280
truck 625 215 665 296
truck 663 207 727 302
truck 725 234 760 316
truck 755 249 832 315
truck 830 252 942 351
car 495 258 526 292
car 356 257 383 281
car 386 260 413 281
