car 313 238 403 309
car 190 285 289 358
car 214 168 283 224
car 96 182 159 223
car 1 210 63 259
car 424 230 513 300
car 523 88 565 118
car 296 155 355 199
car 357 67 393 95
car 156 108 204 142
car 442 81 482 111
car 78 324 202 386
car 420 65 452 91
car 67 145 122 182
car 546 71 579 98
car 0 65 17 92
car 337 44 367 67
car 51 64 98 123
car 108 30 129 51
car 130 26 150 40
car 156 35 181 46
car 178 24 200 39
car 216 92 263 134
car 357 16 376 33
truck 510 28 561 72
truck 445 19 510 86
truck 414 29 449 70
truck 430 2 468 47
truck 382 10 409 46
truck 128 49 182 102
truck 71 29 111 83
truck 141 1 187 34
car 214 0 243 26
car 206 21 239 51
car 195 40 237 83
