car 294 287 356 339
car 40 286 106 338
car 360 252 406 292
car 328 225 361 250
car 169 272 218 333
car 156 217 185 240
car 29 253 77 290
car 284 236 325 273
car 188 236 225 266
car 417 265 476 328
car 139 255 183 287
car 365 221 395 241
car 117 213 145 236
car 78 220 114 257
car 402 229 446 273
car 483 217 509 237
car 312 197 327 210
car 291 203 309 215
car 268 215 295 232
car 275 225 303 249
car 210 218 234 236
car 180 211 193 232
car 188 203 199 224
car 197 200 208 217
car 19 203 36 221
car 1 206 19 222
car 11 198 36 218
car 257 193 275 210
bus 143 173 174 210
