car 1069 480 1182 561
car 820 394 907 460
car 823 301 896 356
car 250 562 362 636
car 466 390 545 441
car 960 352 1051 430
car 877 451 997 570
car 920 215 975 266
car 296 378 374 439
car 830 214 885 260
truck 489 174 578 281
truck 186 225 328 385
truck 1046 183 1137 298
truck 455 64 510 98
car 68 411 178 514
car 392 235 446 273
car 443 219 486 252
car 579 225 639 262
car 490 137 528 157
car 419 115 453 136
car 375 121 414 143
car 547 100 578 123
car 594 96 632 126
car 522 87 550 110
car 406 78 437 97
car 644 90 677 117
car 697 97 731 127
car 761 128 798 162
car 730 126 754 150
car 821 127 854 155
car 955 161 1000 201
car 861 167 909 197
car 872 141 914 169
car 834 113 874 140
