car 1126 358 1229 432
car 831 376 933 451
car 660 158 711 205
car 779 345 867 412
car 189 431 321 497
car 244 347 344 395
car 426 340 513 393
car 432 291 512 329
car 290 277 373 322
car 322 193 405 251
car 446 253 521 277
car 448 217 509 250
car 749 278 827 319
car 797 314 873 349
car 948 302 1037 374
car 941 355 1022 416
car 846 256 908 302
car 788 214 844 255
car 842 168 886 203
car 776 191 829 222
car 747 166 788 198
car 713 126 757 166
car 642 141 674 168
truck 915 145 1016 269
truck 786 91 837 163
truck 3 245 140 436
truck 110 177 220 339
