car 393 589 600 738
car 646 493 831 641
car 441 348 584 464
car 876 476 1061 620
car 201 376 330 461
car 3 435 132 536
car 737 140 811 198
car 1080 183 1166 245
car 610 322 734 413
car 323 224 422 292
car 446 194 546 264
car 162 669 422 798
car 915 168 999 230
car 868 135 935 189
car 140 300 252 381
car 1128 148 1197 205
car 0 135 37 191
car 697 92 759 140
car 105 139 206 250
car 734 29 780 65
car 356 47 418 83
car 317 74 365 99
car 267 51 309 80
car 223 59 271 106
truck 144 57 225 162
truck 260 102 378 213
truck 408 82 486 166
truck 787 21 843 90
truck 860 71 926 131
truck 919 38 1052 179
truck 1056 58 1162 163
