car 635 641 760 719
car 171 618 293 719
car 767 543 832 597
car 717 604 795 668
car 1015 606 1102 668
car 396 625 500 712
car 266 600 335 656
car 598 593 700 671
car 658 543 741 591
car 719 455 773 493
car 1111 456 1158 488
car 893 412 936 450
car 674 426 709 450
car 584 472 637 497
car 611 498 667 531
car 594 487 609 519
car 621 533 657 571
car 544 558 606 604
car 507 533 562 576
car 529 502 578 535
car 500 494 528 522
car 425 581 494 629
car 407 561 467 582
car 289 576 340 608
car 965 410 1001 437
car 1249 489 1275 525
car 1207 470 1247 487
car 1204 491 1246 520
car 410 524 464 560
car 377 499 426 532
car 424 490 468 523
car 339 471 386 506
car 415 457 460 489
car 479 439 520 466
car 487 416 522 437
car 433 427 472 456
car 541 413 577 435
