car 642 319 731 391
car 799 375 898 460
car 788 284 869 344
car 577 420 701 533
car 797 188 851 233
car 11 487 122 575
truck 1079 396 1274 712
truck 1007 291 1165 536
truck 909 177 991 267
truck 873 101 943 196
truck 783 104 848 190
truck 96 135 217 295
truck 252 101 339 228
car 131 324 245 412
car 1 398 54 475
car 353 197 413 241
car 401 183 447 211
car 439 154 484 183
car 458 124 512 164
car 732 146 781 181
car 721 120 765 148
car 582 116 621 145
truck 854 71 877 157
truck 783 57 831 100
truck 764 17 797 65
truck 700 8 727 44
