car 779 596 854 659
car 1052 667 1150 737
car 370 683 488 784
car 634 707 766 813
car 121 677 261 809
car 727 666 810 739
car 596 653 712 756
car 731 499 785 547
car 229 659 310 723
car 256 629 309 677
car 355 546 404 589
car 402 643 490 697
car 383 618 457 657
car 385 579 447 612
car 495 592 565 634
car 532 619 606 667
car 655 598 757 655
car 621 592 666 626
car 605 552 674 593
car 507 556 577 592
car 486 547 532 577
car 400 542 454 578
car 306 519 358 563
car 414 468 453 500
car 677 468 717 496
car 1158 500 1207 535
car 1001 456 1041 478
car 923 461 968 490
car 580 519 644 550
car 390 503 447 532
car 463 485 509 516
truck 1083 435 1152 507
truck 254 570 351 655
