car 555 642 694 741
car 831 595 974 714
car 185 412 275 474
car 224 465 325 544
car 596 552 724 674
car 64 551 220 699
car 1067 551 1192 649
car 987 407 1065 469
car 634 297 689 336
car 1030 303 1100 365
truck 824 336 957 550
truck 953 197 1036 276
truck 603 223 666 307
truck 505 227 563 307
truck 384 304 507 434
truck 333 247 448 363
truck 451 215 493 272
car 39 487 139 560
car 847 235 890 274
car 755 246 793 273
car 624 444 738 535
car 1119 253 1174 287
car 1023 248 1068 278
car 1062 265 1117 315
