car 158 538 268 610
car 134 423 218 487
car 62 403 138 463
car 483 609 616 719
car 0 628 101 742
car 1045 627 1169 734
car 275 348 337 395
car 402 421 481 472
car 366 545 472 617
car 199 605 354 743
car 473 453 563 520
car 180 343 241 390
car 430 289 483 344
truck 573 375 725 599
truck 705 307 812 452
truck 851 225 900 287
truck 907 264 956 327
truck 882 195 919 233
truck 1045 515 1156 615
truck 25 302 115 375
truck 183 255 239 325
truck 235 240 321 332
truck 371 225 435 302
truck 521 204 563 264
truck 594 174 629 222
truck 627 155 668 198
truck 723 136 754 163
truck 768 116 805 155
truck 742 107 768 149
car 1113 611 1200 674
car 1021 519 1054 579
car 896 463 987 534
car 936 428 988 479
car 745 580 861 678
car 775 506 879 612
car 859 404 928 441
car 811 473 894 556
car 884 379 932 409
car 868 359 922 378
car 909 344 954 379
car 893 331 934 342
car 822 302 869 337
car 813 330 845 363
car 836 286 873 303
car 782 269 823 298
car 766 248 791 270
car 650 313 692 340
car 575 344 642 371
car 477 384 549 431
car 273 456 390 551
car 28 373 116 417
car 141 322 199 362
car 250 328 302 364
car 289 306 348 349
car 319 266 351 293
car 442 247 487 280
car 366 322 418 372
car 532 288 589 336
car 597 258 624 281
car 660 251 692 277
car 554 261 588 288
car 647 234 677 256
car 645 205 666 222
car 688 199 712 219
car 669 151 693 170
car 715 181 744 201
