car 217 348 296 409
car 455 307 521 372
car 153 226 209 273
car 1050 410 1164 481
car 543 244 597 303
car 283 277 332 319
car 892 263 967 315
car 1036 266 1104 315
car 917 213 963 248
car 805 190 842 217
car 789 217 843 253
car 887 167 915 190
car 751 130 770 143
car 765 138 794 157
car 734 157 762 175
car 655 137 683 159
car 640 124 661 142
car 500 130 524 149
car 405 117 430 134
car 458 161 488 187
car 349 142 384 170
car 301 176 335 203
car 335 197 375 234
car 267 117 294 138
truck 850 195 907 248
truck 704 115 738 148
