car 495 510 571 561
car 770 678 893 755
car 362 520 440 575
car 1003 490 1079 545
car 779 437 847 488
car 839 523 926 587
car 431 436 494 479
car 495 622 609 722
car 637 413 696 461
car 852 433 910 478
car 712 417 767 457
car 189 471 274 549
car 196 447 256 469
car 321 451 393 494
car 306 380 357 408
car 374 394 424 425
car 383 355 428 390
car 346 325 382 351
car 430 317 464 341
car 546 351 581 380
car 563 367 605 398
car 588 390 633 420
car 630 366 671 394
car 678 393 720 423
car 618 351 652 374
car 660 331 691 358
car 602 335 633 360
truck 726 340 789 412
truck 677 282 717 339
truck 540 314 576 357
truck 196 349 263 443
truck 310 284 359 343
