car 797 367 880 433
car 346 365 428 418
car 425 460 525 530
car 255 473 355 542
car 889 358 964 418
car 611 335 687 397
car 779 676 947 789
car 425 602 577 732
car 184 290 248 327
car 874 477 987 562
car 1084 433 1184 505
car 711 339 782 389
car 547 303 613 350
car 663 306 725 349
car 273 308 334 354
car 205 377 293 436
car 33 384 119 412
car 21 411 143 510
car 43 331 122 375
car 284 263 340 302
car 514 274 565 322
car 490 252 533 291
car 485 207 530 250
car 607 275 658 313
car 589 254 628 287
car 639 229 674 260
bus 732 247 802 329
truck 664 163 714 239
truck 37 256 131 333
truck 190 163 250 257
