car 161 543 348 687
car 281 447 439 563
car 843 679 1049 850
car 405 568 615 798
car 1138 508 1278 657
car 377 387 510 497
car 861 516 1028 639
car 533 537 672 683
car 17 340 131 420
car 813 594 995 763
car 335 254 396 296
car 45 290 132 344
car 458 358 567 437
car 1087 422 1211 527
car 548 453 700 592
car 711 308 805 392
car 588 402 713 489
car 269 263 333 321
car 291 231 340 253
car 523 205 567 235
car 573 196 606 219
car 611 207 648 227
car 588 291 622 356
car 496 303 582 328
car 560 324 603 404
car 1174 466 1270 534
car 1167 410 1235 462
car 1061 375 1136 430
car 1100 352 1179 401
car 1062 300 1154 350
car 1037 274 1071 332
car 1016 278 1036 321
car 872 324 972 361
car 876 360 971 389
car 678 251 709 299
car 717 228 744 266
car 738 228 757 262
car 783 277 816 317
car 701 277 770 305
car 643 353 741 387
car 667 391 751 476
car 738 350 764 441
car 346 236 392 256
car 819 234 843 284
car 763 232 815 262
car 760 266 815 279
truck 972 164 1034 240
truck 879 226 978 343
truck 823 175 864 231
truck 599 229 673 325
truck 1077 240 1162 328
car 1033 207 1064 235
car 988 238 1014 271
car 890 185 940 218
car 665 210 723 249
car 857 407 1031 549
