truck 463 638 712 942
car 1104 471 1183 529
truck 304 515 536 814
car 889 721 966 855
car 966 735 1040 883
car 1042 750 1116 900
car 1118 772 1272 893
car 861 407 940 466
car 430 342 476 392
car 182 376 241 415
car 158 358 193 393
car 184 447 259 499
car 899 361 971 435
truck 1186 428 1275 558
truck 892 296 968 348
truck 688 260 788 345
truck 579 274 691 358
truck 461 279 545 370
truck 400 297 451 371
truck 259 353 374 532
truck 68 299 174 427
truck 6 322 66 488
truck 233 253 342 337
truck 208 324 273 392
truck 365 312 409 486
