car 662 463 814 602
car 697 414 754 463
car 741 432 811 497
car 349 444 448 525
car 569 410 623 453
car 648 407 690 440
motorcycle 520 448 540 473
motorcycle 487 457 510 487
motorcycle 468 449 484 477
motorcycle 444 470 466 501
motorcycle 313 466 335 495
motorcycle 602 496 648 561
motorcycle 831 457 862 504
motorcycle 859 449 885 492
person 835 433 857 488
person 855 421 879 475
person 605 448 644 540
person 313 438 333 486
person 136 441 161 508
person 445 429 464 490
person 470 426 482 464
person 492 425 508 474
person 522 425 536 459
