car 754 540 902 656
car 522 550 683 669
car 249 562 419 686
car 115 510 243 614
car 626 515 757 617
car 649 650 882 766
car 912 550 1022 714
car 860 459 974 540
car 401 504 537 631
car 153 454 251 535
car 29 469 136 566
car 207 416 284 492
car 425 398 493 451
car 263 340 310 381
car 924 444 1013 512
car 801 405 873 477
car 884 409 977 459
car 598 405 682 481
car 486 409 546 458
car 96 373 163 434
car 528 412 602 470
car 713 416 811 507
car 159 361 208 408
car 705 378 753 416
car 120 389 199 437
car 6 351 62 401
car 0 401 51 455
car 671 406 719 497
car 467 361 498 386
car 493 380 525 399
car 517 382 565 404
car 559 351 601 384
car 519 331 560 355
car 595 331 628 355
car 619 354 676 393
car 631 294 665 322
car 555 288 593 316
car 525 304 570 328
car 214 358 262 389
car 196 328 248 353
car 208 288 248 313
car 158 251 198 287
car 292 280 327 309
bus 384 351 467 429
bus 663 305 723 383
truck 67 294 150 397
person 5 460 38 523
motorcycle 7 482 34 535
