car 590 502 670 566
car 418 487 492 549
car 295 441 358 494
car 523 436 589 491
car 374 426 431 472
car 193 456 263 523
car 406 395 457 437
car 382 379 425 414
car 228 353 265 386
car 459 401 521 464
car 750 374 779 407
car 146 266 170 293
car 314 365 356 400
car 286 352 318 382
car 700 328 727 354
car 760 287 778 305
car 741 279 762 296
car 710 267 735 289
car 692 247 712 264
car 493 346 527 375
car 501 279 526 301
car 440 286 462 310
car 367 343 404 367
car 352 330 383 353
car 259 303 287 326
car 241 316 272 349
car 129 235 150 252
car 169 249 187 268
car 312 298 338 324
car 295 326 327 351
car 295 334 324 360
car 306 272 332 289
car 283 248 302 268
car 222 247 242 264
car 420 253 439 271
car 390 251 410 266
car 368 249 387 265
car 341 243 359 257
car 258 223 276 242
car 197 231 215 252
truck 251 245 287 298
truck 195 262 230 304
truck 210 322 245 362
truck 338 305 375 341
truck 423 330 466 402
truck 466 281 488 309
car 175 317 203 345
car 195 308 216 331
truck 649 239 674 265
