car 14 712 148 788
car 789 640 864 701
car 246 556 306 596
car 737 581 792 626
car 1109 572 1167 625
car 965 593 1019 637
car 224 613 330 696
car 422 543 483 592
bus 157 485 265 576
car 794 547 836 583
car 348 514 387 538
car 421 519 463 541
car 524 512 551 537
car 547 524 586 549
car 511 494 532 514
car 496 487 513 506
car 451 495 482 517
car 546 477 573 497
car 609 470 635 494
car 1081 500 1107 533
car 1021 503 1045 521
car 968 524 1006 555
car 912 515 942 539
car 894 482 918 500
car 1259 531 1276 567
car 1240 503 1275 531
car 1166 498 1198 522
car 1143 487 1168 500
car 1136 477 1149 491
car 1118 465 1136 481
car 1083 469 1104 485
car 1050 458 1069 475
car 1022 473 1041 486
car 951 468 969 483
car 970 487 1006 519
car 120 455 143 476
car 697 470 721 493
car 686 484 704 514
car 740 473 757 490
car 767 478 785 491
car 640 453 653 483
