car 969 825 1101 930
car 687 799 809 900
car 484 724 588 812
car 614 700 707 776
car 857 716 966 807
car 667 649 750 718
car 628 622 698 680
car 374 579 435 634
car 1232 613 1279 670
car 754 659 857 762
car 1148 546 1195 582
car 808 567 870 618
car 580 539 630 580
car 605 566 662 607
car 518 603 583 655
car 466 583 527 625
car 475 550 529 582
car 428 501 469 534
car 403 522 448 570
car 317 513 358 546
car 287 523 334 563
car 241 441 279 483
car 511 493 557 530
car 722 470 761 512
car 502 449 539 476
car 215 389 246 413
car 277 410 308 441
car 822 462 863 496
car 689 422 719 444
car 642 412 676 438
car 607 408 636 433
car 557 398 590 422
car 367 410 396 435
car 326 384 353 411
car 467 411 494 439
car 425 367 453 399
car 413 346 436 372
car 1245 475 1268 500
car 1213 460 1254 489
car 1168 450 1203 475
car 1138 407 1170 432
truck 693 548 768 658
truck 339 529 406 596
truck 407 401 467 485
truck 321 433 378 496
truck 765 459 800 505
truck 675 379 703 407
truck 358 376 388 416
truck 304 353 337 394
bus 1067 393 1109 433
person 228 617 260 669
motorcycle 226 640 260 684
car 318 731 430 859
