car 992 664 1213 763
car 664 572 834 651
car 625 690 891 822
bus 233 458 398 556
car 564 641 760 731
car 1172 615 1278 713
car 1153 519 1221 563
car 1113 562 1269 640
car 240 608 456 681
car 751 534 876 588
car 865 617 1052 697
car 895 499 966 546
car 1018 426 1099 467
car 1104 472 1155 512
car 0 707 113 804
car 1030 470 1080 514
car 1235 504 1279 563
car 909 578 1055 634
car 1063 510 1126 564
car 569 540 720 616
car 955 460 999 498
car 928 438 977 473
car 856 394 880 416
car 883 392 907 414
car 923 398 947 414
car 928 408 965 424
car 952 419 988 442
car 1016 382 1062 405
car 574 420 636 449
car 611 406 638 427
car 638 397 658 419
car 659 408 687 429
car 690 410 717 429
car 725 405 749 426
car 49 510 157 543
car 81 529 214 610
car 193 482 240 533
bus 402 431 517 518
bus 358 428 456 480
bus 79 379 148 419
bus 0 471 93 545
bus 0 495 34 563
bus 138 451 273 508
bus 144 654 438 806
car 950 512 1024 577
person 1046 762 1104 851
person 1143 424 1154 462
person 329 434 342 462
car 798 419 843 449
