car 949 590 1092 661
car 1160 647 1279 720
car 1000 562 1125 626
car 732 508 827 552
car 655 506 732 556
car 778 536 875 600
car 853 517 953 585
car 799 403 858 432
car 1028 367 1079 399
car 994 360 1034 390
car 1123 356 1154 380
car 870 355 911 376
car 885 371 915 386
car 738 376 797 404
car 704 379 739 401
car 670 394 717 417
car 640 390 669 410
car 669 378 701 393
car 548 397 596 419
car 575 400 637 428
truck 527 381 594 417
person 359 715 388 764
person 129 515 148 557
person 95 518 115 563
