car 298 823 390 903
car 480 758 558 823
car 865 799 961 865
car 516 664 572 713
bus 189 672 332 822
car 360 748 442 817
car 719 701 781 754
bus 900 622 1001 748
car 717 782 801 852
car 447 880 547 914
car 761 738 832 797
car 826 711 888 766
car 373 709 445 753
car 432 648 485 696
car 454 627 496 660
car 477 609 519 637
car 470 620 514 650
car 552 606 597 642
car 540 629 586 662
car 696 650 742 689
car 665 584 694 616
car 687 614 722 644
car 751 601 780 627
car 768 621 802 653
car 798 644 843 683
car 755 668 808 708
car 804 689 848 728
car 719 827 853 911
bus 1072 801 1210 911
bus 878 598 962 695
bus 719 565 760 609
