car 156 777 306 888
car 276 809 411 935
car 1063 773 1191 879
car 1015 893 1205 1046
car 469 662 537 721
car 886 718 982 805
car 849 678 921 735
car 392 639 450 691
car 1107 716 1221 822
car 396 717 503 821
car 967 681 1039 742
car 1048 665 1120 713
car 970 621 1023 657
car 908 638 961 677
car 805 621 854 657
car 861 599 899 626
car 918 589 962 621
car 895 578 926 600
car 821 564 862 591
car 794 587 833 619
car 779 574 808 601
car 764 554 788 573
car 501 622 556 669
car 566 583 609 614
car 537 563 560 601
car 442 572 475 603
car 588 563 623 588
car 560 548 588 566
car 486 543 517 560
car 537 529 560 549
truck 388 588 450 632
truck 480 562 537 625
truck 811 534 845 579
