car 646 665 776 769
car 515 536 613 607
car 534 336 597 377
car 625 586 804 702
person 541 433 568 486
car 642 457 709 518
car 701 446 802 544
car 591 399 710 472
car 701 352 766 403
car 685 325 738 380
car 674 290 720 331
car 640 162 699 242
car 561 225 610 265
car 172 560 381 650
car 242 270 353 324
car 396 183 449 237
car 324 69 369 104
car 712 48 762 74
car 665 97 756 123
car 688 122 735 158
car 716 265 772 298
car 598 260 652 292
car 617 279 677 324
car 528 295 582 324
car 547 311 605 349
car 512 270 564 305
car 541 245 585 291
person 182 495 221 589
person 219 552 252 633
person 146 577 177 627
person 615 466 641 524
person 670 404 701 456
person 663 319 683 369
person 632 299 650 363
