car 354 418 514 533
car 466 603 673 804
car 528 445 683 603
bus 1017 202 1163 361
car 11 678 251 847
car 792 207 883 287
car 558 330 689 465
truck 817 366 1099 803
car 153 510 332 687
car 1139 435 1276 549
car 313 348 439 446
car 250 480 384 607
bus 897 79 971 150
car 256 239 344 309
car 89 362 216 477
car 1210 547 1279 678
car 111 329 226 423
car 987 175 1056 255
car 978 150 1030 186
car 807 155 870 202
car 346 303 452 394
car 384 270 482 371
car 424 251 512 340
car 470 220 543 287
car 503 184 568 245
car 315 207 382 254
car 345 194 411 251
car 370 184 428 232
car 377 160 436 212
car 390 141 460 193
car 458 135 503 180
car 192 265 291 328
car 192 309 290 387
car 3 416 108 534
car 543 81 588 124
car 671 137 743 189
car 654 167 736 232
car 813 120 869 167
car 792 114 830 153
car 591 109 646 160
car 586 134 632 176
car 521 147 617 194
car 584 65 618 94
truck 698 38 764 137
truck 581 202 717 337
car 475 90 522 125
car 637 91 667 120
car 844 66 873 88
