car 98 513 275 675
car 117 362 257 468
car 1011 341 1142 461
car 698 358 806 442
car 877 471 1034 611
car 329 367 458 473
car 554 205 633 268
car 763 246 857 336
car 610 482 778 650
car 629 146 692 197
car 379 232 465 299
car 71 234 141 298
car 427 284 530 381
car 575 177 649 228
car 469 262 558 333
car 291 277 390 365
car 411 169 483 237
car 178 245 296 346
truck 963 57 1026 130
truck 896 198 1030 375
truck 900 144 1015 201
truck 702 17 746 64
car 513 131 587 200
car 580 136 605 179
car 692 105 737 143
car 623 90 666 125
car 665 82 699 106
car 718 85 758 111
car 846 80 889 116
car 112 217 172 265
car 919 64 961 98
car 898 98 938 125
car 922 114 968 140
car 1148 59 1204 101
car 151 198 210 245
car 755 35 790 66
