car 681 632 846 783
car 152 432 269 538
car 722 520 872 679
car 238 412 320 493
car 263 367 358 432
car 318 328 397 384
car 363 300 438 356
car 713 471 860 549
car 733 375 850 460
car 717 344 803 415
car 725 281 821 341
car 696 220 762 258
car 445 252 479 312
truck 329 447 527 697
truck 473 301 620 501
truck 555 225 652 385
car 549 154 599 194
car 655 247 694 299
car 1086 234 1153 282
car 996 164 1058 209
car 1093 156 1145 195
car 589 107 631 140
truck 481 184 559 318
car 716 151 762 187
car 637 189 688 227
car 747 243 817 279
car 725 179 782 211
