car 609 270 767 388
car 1064 50 1182 144
car 145 169 286 257
car 1070 392 1265 558
car 1018 15 1129 89
car 390 173 522 255
car 71 258 227 350
car 65 305 223 425
car 1149 117 1279 255
car 303 298 485 428
car 1 349 162 489
car 370 233 501 295
car 776 251 1039 441
car 234 130 353 212
car 245 422 485 569
car 20 3 1140 490
car 657 451 865 570
car 614 361 773 471
car 148 226 279 333
car 339 379 495 468
car 479 18 590 100
car 227 116 331 159
car 462 152 570 233
car 668 37 802 140
car 651 10 767 76
car 387 261 536 399
car 611 181 788 311
car 647 140 792 223
car 650 106 791 182
car 463 85 569 126
car 477 115 586 193
car 265 44 360 107
car 252 68 352 118
car 236 88 336 123
car 1251 238 1277 352
