car 55 791 237 915
car 129 600 279 712
car 90 660 262 800
car 449 660 599 775
car 1154 446 1277 531
car 461 805 640 915
car 444 575 568 678
car 975 386 1079 463
car 730 542 859 666
car 109 629 275 748
car 467 314 561 383
car 279 271 366 335
car 874 328 971 402
car 436 757 606 890
car 447 451 543 523
car 235 381 334 481
car 1086 424 1191 497
car 185 420 301 509
car 186 471 313 588
car 932 365 1020 428
car 705 438 813 517
car 658 315 765 388
car 765 703 915 825
car 801 243 883 301
car 463 477 583 546
car 789 294 892 371
car 287 240 369 321
car 461 390 559 469
car 799 734 947 836
car 823 757 1123 912
car 682 192 747 246
car 632 231 706 282
car 607 275 682 319
car 620 303 677 355
car 659 380 769 467
car 717 491 831 568
car 752 644 913 730
car 432 512 585 643
car 280 358 379 440
car 261 336 356 395
car 256 311 344 351
car 326 227 382 293
car 364 223 400 284
car 592 203 645 256
truck 458 141 563 290
