car 433 321 558 415
car 24 797 225 957
car 400 818 580 958
car 351 287 437 358
car 713 219 785 285
car 476 434 571 510
car 440 610 569 704
car 857 254 939 317
car 373 192 455 287
car 723 370 811 439
car 400 682 579 858
car 101 30 1192 903
car 421 493 567 638
car 707 159 800 241
car 519 188 606 282
car 751 463 861 539
car 739 414 846 494
car 883 856 1055 959
car 704 319 785 391
car 829 658 993 785
car 843 785 1023 949
car 747 516 859 602
car 783 588 946 728
car 843 218 923 276
car 527 108 602 174
car 527 61 590 101
car 420 60 475 106
car 464 53 496 96
car 693 69 756 123
car 696 133 768 172
car 772 556 895 601
car 825 112 905 178
car 814 64 880 106
car 800 53 829 91
person 103 557 159 649
person 222 408 253 502
person 195 394 222 481
person 1127 457 1163 546
person 1001 292 1019 363
person 999 278 1019 349
person 1020 278 1039 358
person 1037 265 1058 346
person 400 39 420 90
