car 219 432 394 544
car 881 296 937 345
car 307 475 498 628
car 131 392 319 500
car 902 362 999 450
car 555 477 693 615
car 666 310 731 369
car 600 283 663 326
car 988 546 1228 719
car 721 259 780 301
car 791 271 848 325
car 784 367 864 446
car 107 227 192 277
car 780 490 895 644
car 548 244 612 297
car 650 231 691 267
car 617 213 654 246
car 630 176 655 195
car 652 193 685 220
car 690 197 721 220
car 727 231 757 250
car 794 226 828 254
car 866 244 910 279
car 865 222 898 243
car 860 201 890 219
car 803 194 836 225
car 818 160 845 184
car 175 269 256 312
car 5 265 92 306
car 6 284 82 332
car 10 308 115 375
car 341 291 398 334
car 886 176 913 197
car 858 165 881 186
car 734 208 766 233
car 712 185 738 202
car 715 150 734 166
car 679 153 698 168
car 772 148 792 163
truck 381 180 607 348
truck 313 188 371 265
truck 236 194 320 269
truck 503 151 587 182
truck 589 130 646 161
truck 725 126 747 155
truck 696 126 720 158
