car 1112 659 1227 758
car 909 645 1024 758
car 861 460 937 521
car 751 521 832 577
car 1073 538 1160 614
car 323 778 469 828
car 559 342 612 383
car 636 765 754 830
car 891 801 1012 830
truck 474 465 637 673
car 1104 310 1166 356
car 713 602 813 683
car 666 665 782 758
car 412 688 536 788
car 1030 471 1125 563
car 913 282 967 323
car 562 432 639 478
car 640 383 694 423
car 693 400 747 447
car 703 433 725 477
car 727 425 799 524
car 777 381 837 439
car 868 382 919 419
car 916 405 951 449
car 788 280 833 313
car 715 254 758 282
car 109 256 146 286
car 8 236 45 266
car 151 228 197 258
car 171 257 215 291
car 231 233 276 250
car 230 246 278 274
car 209 252 243 285
car 92 226 130 252
car 650 329 698 367
car 833 436 894 477
truck 699 297 791 394
truck 428 288 516 348
car 337 296 393 338
