car 726 911 913 1063
car 48 487 124 576
car 553 824 709 969
car 438 895 599 1038
car 540 331 641 394
bus 473 121 556 202
car 620 968 842 1128
car 861 791 1005 933
car 38 1128 263 1240
person 613 1075 702 1240
car 909 744 1063 891
car 790 858 970 1005
car 422 1094 625 1240
car 0 1177 142 1238
bus 71 384 269 546
car 619 789 738 909
car 974 540 1088 644
car 736 712 852 818
car 976 678 1093 801
car 0 456 69 600
car 118 1058 350 1212
car 760 534 876 609
car 728 498 826 597
car 265 1159 506 1240
person 604 446 631 525
car 796 147 839 185
car 712 148 753 185
car 772 177 820 218
car 767 250 827 311
car 781 284 824 325
car 742 232 793 292
car 713 224 744 271
car 691 202 715 264
car 679 204 694 251
car 622 255 678 295
car 637 280 686 312
car 640 313 697 370
car 600 243 613 276
car 609 244 622 286
car 589 225 607 275
car 430 365 481 428
car 373 372 449 430
car 355 383 391 436
car 273 386 358 444
car 259 416 323 476
car 248 436 281 517
car 457 47 494 74
car 426 65 457 87
car 510 57 540 85
car 421 98 453 136
car 524 177 540 208
car 555 198 567 229
car 566 207 582 248
car 673 115 704 140
car 672 77 711 109
car 776 22 809 50
car 691 137 714 167
car 915 446 1038 572
car 777 640 894 727
car 784 683 883 770
car 721 742 831 819
car 696 761 781 878
car 393 918 536 1074
car 239 960 455 1141
person 687 1063 754 1234
truck 829 257 983 492
truck 688 316 814 460
truck 730 403 863 530
truck 452 98 505 171
