car 224 772 398 883
car 547 720 700 822
car 752 572 850 646
car 65 456 196 528
car 108 664 276 764
car 300 571 430 655
car 658 648 769 730
car 0 492 59 555
car 807 520 884 581
car 529 840 681 891
car 34 755 230 869
car 217 691 369 778
car 624 555 735 632
car 3 411 68 470
car 412 686 537 766
car 393 609 519 685
car 425 527 531 586
car 520 474 622 528
car 531 525 630 594
car 567 598 654 702
car 624 471 703 534
car 726 500 803 556
car 787 448 858 509
car 905 443 981 506
car 963 402 1022 449
car 1003 360 1064 414
car 1042 324 1093 367
car 934 332 996 373
car 879 370 961 429
car 764 401 846 440
car 692 441 773 489
car 627 417 711 455
car 706 372 778 414
car 768 324 843 371
car 828 289 890 333
car 883 254 942 293
car 952 263 1003 306
car 1004 275 1054 317
car 1041 254 1082 291
car 979 237 1021 265
car 958 212 1007 242
car 998 190 1039 226
car 1032 167 1071 194
car 1119 259 1161 306
car 1142 229 1181 271
car 1071 228 1109 268
car 1174 214 1210 249
car 1155 182 1178 213
car 1129 193 1154 216
car 1088 178 1118 206
car 1204 188 1232 218
car 1183 155 1214 175
car 1146 108 1177 136
