car 82 493 340 710
car 721 546 947 717
car 1112 505 1279 716
car 682 247 826 357
car 737 408 927 553
car 935 237 1088 350
car 706 336 866 445
car 1049 436 1256 605
car 214 322 411 518
car 1167 212 1272 315
car 68 219 233 359
car 978 284 1169 444
car 4 334 158 443
car 1088 480 1265 666
car 683 167 800 257
car 449 140 543 230
car 1065 159 1202 274
car 177 191 283 284
car 0 372 96 545
car 884 186 1022 299
car 1214 214 1268 354
car 1036 141 1114 205
car 1013 112 1084 181
car 863 160 903 261
car 828 154 863 211
car 765 122 833 174
car 663 150 738 198
car 600 92 659 154
car 376 187 486 278
car 316 240 468 381
car 23 158 98 231
car 40 133 128 205
car 128 124 167 194
car 334 128 406 188
car 369 146 443 190
car 1177 121 1246 181
truck 968 69 1060 180
truck 160 50 309 245
truck 79 70 166 201
truck 766 73 838 149
truck 830 63 899 143
truck 360 38 447 116
truck 283 38 341 174
car 622 101 683 155
car 646 123 668 179
car 724 107 766 142
car 302 118 331 172
