car 1052 656 1191 759
car 823 555 910 622
car 1083 577 1184 659
car 845 463 927 533
car 704 491 792 551
car 615 423 677 479
car 729 427 794 471
car 743 359 795 400
car 663 329 712 370
car 434 493 510 547
truck 596 576 874 783
truck 274 530 521 670
truck 182 469 328 638
truck 55 437 184 599
car 583 383 642 425
car 574 314 620 347
car 597 267 635 295
car 658 307 701 332
car 742 313 785 338
car 774 398 827 445
car 734 226 776 254
car 673 199 704 224
car 633 202 660 224
car 625 218 657 240
car 615 242 646 274
car 651 268 689 292
car 326 509 396 563
car 310 458 376 513
car 269 424 344 482
car 283 396 335 428
car 187 396 246 451
car 216 372 264 404
car 235 345 284 386
car 262 333 301 372
car 272 311 313 354
car 321 287 359 321
car 313 352 366 401
car 341 328 381 368
car 379 306 415 338
car 401 347 453 389
car 391 385 439 412
car 383 418 448 458
car 385 449 446 496
car 402 464 455 518
car 713 155 742 186
car 441 322 477 352
car 424 335 461 370
car 460 300 497 330
car 474 284 503 308
car 502 252 532 279
car 517 232 546 257
car 394 296 427 324
car 341 275 374 307
car 464 239 481 273
car 422 264 461 284
car 532 204 562 228
truck 539 132 565 179
truck 471 136 505 180
