car 135 613 363 804
car 951 571 1183 738
car 137 428 285 557
car 133 325 237 413
car 1055 437 1218 579
car 787 459 918 586
car 840 478 1029 649
car 1152 457 1279 637
car 64 207 143 273
car 1088 688 1279 847
car 139 180 209 233
truck 696 85 844 260
car 0 165 50 219
car 386 142 452 194
truck 1128 198 1278 459
car 747 431 877 547
car 562 290 647 374
truck 930 160 1089 339
truck 1010 175 1143 406
car 757 289 837 371
car 114 286 210 368
car 810 300 916 386
car 677 388 815 495
car 545 239 635 327
car 153 94 217 166
car 855 333 934 424
car 635 337 751 449
car 116 156 189 203
car 1149 773 1269 838
car 712 254 803 321
car 616 324 651 405
car 2 103 27 149
car 361 100 394 124
car 456 122 483 167
truck 823 111 937 286
truck 647 123 697 214
truck 593 66 686 168
truck 540 56 605 109
truck 424 50 508 147
truck 40 64 114 172
truck 106 70 146 141
bus 487 92 610 230
bus 554 159 638 241
