car 313 468 484 597
car 993 606 1187 771
car 150 553 367 746
car 108 380 288 523
car 0 344 96 450
car 2 459 161 599
car 420 429 532 531
car 462 392 582 505
car 227 343 343 462
bus 286 153 488 404
car 56 282 188 395
car 320 320 426 398
car 328 339 365 422
car 255 377 285 491
car 184 295 245 357
car 207 273 274 319
car 481 314 619 455
car 617 321 680 420
car 621 295 707 375
car 652 269 734 354
car 688 239 790 324
car 776 220 843 287
car 846 197 875 264
car 812 177 903 260
car 896 187 931 250
car 645 188 713 242
car 693 180 758 222
car 906 102 1004 216
car 1010 121 1047 195
car 1038 136 1067 190
car 1039 100 1096 176
car 1078 93 1128 157
car 1120 105 1154 152
car 712 88 781 137
car 842 130 905 178
car 787 128 843 162
car 708 145 792 209
car 1146 74 1213 144
truck 180 90 357 296
truck 372 97 616 288
truck 872 10 987 175
truck 778 9 875 148
