person 371 397 678 951
car 86 331 200 428
car 289 478 435 628
car 944 416 1076 538
car 25 421 188 604
car 1073 497 1279 841
car 598 434 737 568
car 808 360 933 456
person 248 293 287 377
car 309 258 584 369
car 694 343 790 421
car 867 549 973 740
car 939 515 1146 804
car 815 536 902 720
car 739 499 838 678
car 714 496 769 645
car 687 463 740 584
car 567 402 670 506
car 650 309 739 380
car 6 506 91 667
car 64 481 160 624
car 102 203 180 295
car 92 151 170 217
car 106 91 169 165
car 141 17 203 73
car 453 89 505 134
car 506 123 568 200
car 461 173 555 243
car 642 224 728 288
car 476 40 577 96
truck 267 9 347 90
person 43 206 70 271
