car 7 579 266 719
car 587 556 748 692
car 367 551 599 718
car 443 452 574 549
car 1076 374 1212 482
truck 596 343 904 584
car 841 482 1009 631
car 101 655 322 719
car 130 498 443 638
car 896 394 1019 488
car 701 592 903 706
car 291 580 429 706
car 288 411 387 503
car 545 334 673 407
car 968 317 1128 369
car 1012 347 1114 441
car 1100 332 1211 398
car 843 321 921 397
person 113 426 140 494
person 471 308 511 372
person 589 282 623 335
person 394 125 411 173
person 773 124 786 173
person 787 134 804 179
person 1018 192 1041 248
person 1142 219 1161 293
person 1126 215 1140 272
person 1096 220 1115 282
person 1079 206 1094 260
person 1054 202 1078 265
person 730 121 745 161
car 1219 366 1276 452
car 475 402 621 465
