car 19 644 131 737
car 1119 690 1276 815
car 891 721 1056 843
car 960 621 1067 708
car 1107 538 1213 607
car 256 611 359 701
car 362 717 503 840
car 964 567 1078 647
car 401 522 494 612
car 313 430 381 494
car 686 544 778 605
car 834 529 926 613
car 268 401 323 444
car 95 561 186 639
car 31 403 96 459
car 920 464 986 510
car 867 490 938 539
car 753 493 831 544
car 701 456 767 497
car 654 430 708 470
car 699 392 758 434
car 824 366 872 406
car 864 318 898 342
car 592 456 647 506
car 631 497 710 551
car 568 440 619 483
car 489 375 526 410
car 528 336 568 366
car 639 374 682 404
car 230 352 267 382
car 24 366 73 396
car 116 532 192 581
car 291 246 328 262
car 254 204 282 222
car 252 191 279 208
car 303 192 325 208
car 341 195 370 216
car 921 347 967 375
car 607 397 638 420
car 626 408 668 447
